input_sample_variance <-
list(y = c(-0.626453810742333, 0.183643324222082, -11.1771073373155, 
-0.835628612410047, 1.59528080213779, -6.71079735166319, 0.32950777181536, 
-0.820468384118015, 0.487429052428485, 0.738324705129217, 0.575781351653492, 
-0.305388387156356, 1.51178116845085, 0.389843236411431, -0.621240580541804, 
4.02198016625515, -2.2146998871775, 1.12493091814311, -3.02420067796803, 
-0.0449336090152309, -0.0161902630989461, 1.58236932637208, 0.943836210685299, 
0.821221195098088, 0.593901321217509, 0.918977371608218, 0.782136300731067, 
0.0745649833651905, -1.98935169586337, 0.61982574789471, -0.0561287395290008, 
-0.155795506705329, 6.61375394903245, -1.47075238389927, -5.75263904221536, 
-0.47815005510862, 0.417941560199702, 1.35867955152904, -0.102787727342996, 
0.387671611559369, -0.0538050405829052, -1.37705955682861, -0.41499456329968, 
-0.394289953710349, -0.0593133967111857, 4.27714191854092, 1.10002537198388, 
0.763175748457544, -0.164523596253587, -0.253361680136508, 0.696963375404737, 
0.556663198673657, -0.68875569454952, -0.70749515696212, 0.36458196213683, 
0.768532924515416, -6.14812524997324, -0.112346212150228, 0.881107726454215, 
-2.51054392342529, 0.398105880367068, -0.612026393250771, 0.341119691424425, 
-1.12936309608079, 1.43302370170104, 1.98039989850586, -3.63755717331058, 
-0.367221476466509, -1.04413462631653, 0.569719627442413, -0.135054603880824, 
2.40161776050478, -0.0392400027331693, 0.689739362450777, 0.028002158780666, 
-0.743273208882405, 0.188792299514343, -1.80495862889104, 1.46555486156289, 
0.153253338211898, 0.347434125749629, 2.17261167036215, 0.475509528899662, 
-0.709946430921815, 0.610726353489055, -0.934097631644252, 3.13863956412924, 
-1.2536334002391, 0.291446235517463, -0.443291873218433, 0.00110535163162407, 
0.074341324151664, -0.589520946188072, -0.568668732818502, -0.135178615123832, 
1.1780869965732, -1.52356680042976, -6.19005243695629, 0.593946187628421, 
0.332950371213518, 1.06309983727636, -0.304183923634301, 0.370018809916288, 
0.267098790772231, -0.54252003099165, 10.3454089349781, 1.20786780598317, 
1.16040261569495, 0.700213649514998, 1.58683345454085, 2.75603118015545, 
0.558486425565304, -1.27659220845804, -0.573265414236886, -5.96341815471378, 
-1.22461261489836, -0.473400636439312, -0.620366677224124, 0.0421158731442352, 
-0.910921648552446, -1.16635790383937, 0.158028772404075, -0.654584643918818, 
1.76728726937265, 0.716707476017206, 0.910174229495227, 0.384185357826345, 
1.68217608051942, -0.635736453948977, -0.461644730360566, 1.43228223854166, 
-0.650696353310367, -0.207380743601965, -0.392807929441984, -0.319992868548507, 
-7.94831535645602, -0.279113302976559, -3.43141984622191, 0.494188331267827, 
-0.177330482269606, -0.505957462114258, 5.11249738988811, 1.34303882517041, 
-0.214579408546869, -0.179556530043387, -0.100190741213562, 0.712666307051405, 
-0.0735644041263264, -0.037634171467048, -0.681660478755657, 
-0.324270272246319, -3.89478618738971, 0.0601604404345151, -0.588894486259664, 
0.531496192632572, -1.51839408178679, 4.02470722127697, 0.306557860789766, 
-1.53644982353759, -0.300976126836611, -0.528279904445006, -0.652094780680999, 
-0.0568967778473926, -1.91435942568001, 1.17658331201856, -1.664972436212, 
-0.463530401472386, 5.63053549013431, -1.11592010504285, -0.750819001193448, 
5.98345548123269, 2.08716654562835, 0.0173956196932516, -1.28630053043433, 
-1.64060553441858, 0.450187101272655, -0.018559832714638, -0.318068374543844, 
-0.929362147453702, -1.48746031014148, -1.07519229661568, 1.00002880371391, 
-0.621266694796824, -1.38442684738449, 1.86929062242358, 0.425100377372448, 
-0.238647100913033, 1.05848304870902, 2.35406309461859, 0.886422651374936, 
1.29596343985782, -0.619243048231147, 2.20610246454047, 1.35218954938835, 
2.62379611006061, -0.255027030141015, -1.42449465021281, -0.144399601954219, 
0.207538339232345, 2.30797839905936, 6.09535369977778, 0.105802367893711, 
0.456998805423413, -0.077152935356531, -0.334000842366545, -0.0347260283112763, 
0.787639605630162, 2.07524500865228, 1.02739243876377, 1.2079083983867, 
-1.23132342155804, 0.983895570053379, 0.219924803660651, -1.46725002909224, 
0.521022742648139, -0.158754604716016, 1.4645873119698, -0.766081999604665, 
-0.430211753928547, -0.926109497377437, -0.17710396143654, 0.402011779486338, 
-0.731748173119606, 0.830373167981674, -1.20808278630446),