input_change <-
list(dt_list = list(list(position = c(1, 2, 3), parent = c(NA, 
1, 1), Terminal = c(0, 1, 1), Split = c(45L, NA, NA), Value = c(5L, 
NA, NA), MU = c(NA, -0.0292077624568326, -0.00165956100688963
), begin = c(1, 1, 5), end = c(30, 4, 30)), list(position = c(1, 
2, 3), parent = c(NA, 1, 1), Terminal = c(0, 1, 1), Split = c(45L, 
NA, NA), Value = c(5L, NA, NA), MU = c(NA, -0.0297437786882309, 
-0.00580315369365267), begin = c(1, 1, 5), end = c(30, 4, 30)), 
    list(position = c(1, 2, 3), parent = c(NA, 1, 1), Terminal = c(0, 
    1, 1), Split = c(45L, NA, NA), Value = c(5L, NA, NA), MU = c(NA, 
    -0.0304805324795254, -0.0110416436618537), begin = c(1, 1, 
    5), end = c(30, 4, 30)), list(position = c(1, 2, 3), parent = c(NA, 
    1, 1), Terminal = c(0, 1, 1), Split = c(45L, NA, NA), Value = c(5L, 
    NA, NA), MU = c(NA, -0.0313989610258948, -0.0157494258189262
    ), begin = c(1, 1, 5), end = c(30, 4, 30)), list(position = c(1, 
    2, 3), parent = c(NA, 1, 1), Terminal = c(0, 1, 1), Split = c(45L, 
    NA, NA), Value = c(5L, NA, NA), MU = c(NA, -0.0324771616426408, 
    -0.0190630607978864), begin = c(1, 1, 5), end = c(30, 4, 
    30)), list(position = c(1, 2, 3), parent = c(NA, 1, 1), Terminal = c(0, 
    1, 1), Split = c(45L, NA, NA), Value = c(5L, NA, NA), MU = c(NA, 
    -0.0336915309787331, -0.0207508052704265), begin = c(1, 1, 
    5), end = c(30, 4, 30)), list(position = c(1, 2, 3), parent = c(NA, 
    1, 1), Terminal = c(0, 1, 1), Split = c(45L, NA, NA), Value = c(5L, 
    NA, NA), MU = c(NA, -0.0350176837407234, -0.0209695418246524
    ), begin = c(1, 1, 5), end = c(30, 4, 30)), list(position = c(1, 
    2, 3), parent = c(NA, 1, 1), Terminal = c(0, 1, 1), Split = c(45L, 
    NA, NA), Value = c(5L, NA, NA), MU = c(NA, -0.0364311842662701, 
    -0.0200555370178101), begin = c(1, 1, 5), end = c(30, 4, 
    30)), list(position = c(1, 2, 3), parent = c(NA, 1, 1), Terminal = c(0, 
    1, 1), Split = c(45L, NA, NA), Value = c(5L, NA, NA), MU = c(NA, 
    -0.0379081196820582, -0.0183843955864291), begin = c(1, 1, 
    5), end = c(30, 4, 30)), list(position = c(1, 2, 3), parent = c(NA, 
    1, 1), Terminal = c(0, 1, 1), Split = c(45L, NA, NA), Value = c(5L, 
    NA, NA), MU = c(NA, -0.0394255395691405, -0.0162935751482637
    ), begin = c(1, 1, 5), end = c(30, 4, 30)), list(position = c(1, 
    2, 3), parent = c(NA, 1, 1), Terminal = c(0, 1, 1), Split = c(45L, 
    NA, NA), Value = c(5L, NA, NA), MU = c(NA, -0.0409617837154595, 
    -0.0140494270724228), begin = c(1, 1, 5), end = c(30, 4, 
    30)), list(position = c(1, 2, 3), parent = c(NA, 1, 1), Terminal = c(0, 
    1, 1), Split = c(45L, NA, NA), Value = c(5L, NA, NA), MU = c(NA, 
    -0.0424967165986531, -0.0118414030023025), begin = c(1, 1, 
    5), end = c(30, 4, 30)), list(position = c(1, 2, 3), parent = c(NA, 
    1, 1), Terminal = c(0, 1, 1), Split = c(45L, NA, NA), Value = c(5L, 
    NA, NA), MU = c(NA, -0.0440118846656805, -0.00979039966775992
    ), begin = c(1, 1, 5), end = c(30, 4, 30)), list(position = c(1, 
    2, 3), parent = c(NA, 1, 1), Terminal = c(0, 1, 1), Split = c(45L, 
    NA, NA), Value = c(5L, NA, NA), MU = c(NA, -0.0454906102181838, 
    -0.0079627504189209), begin = c(1, 1, 5), end = c(30, 4, 
    30)), list(position = c(1, 2, 3), parent = c(NA, 1, 1), Terminal = c(0, 
    1, 1), Split = c(45L, NA, NA), Value = c(5L, NA, NA), MU = c(NA, 
    -0.0469180337371636, -0.00638495624755343), begin = c(1, 
    1, 5), end = c(30, 4, 30)), list(position = c(1, 2, 3), parent = c(NA, 
    1, 1), Terminal = c(0, 1, 1), Split = c(45L, NA, NA), Value = c(5L, 
    NA, NA), MU = c(NA, -0.0482811147548124, -0.00505671042372484
    ), begin = c(1, 1, 5), end = c(30, 4, 30)), list(position = c(1, 
    2, 3), parent = c(NA, 1, 1), Terminal = c(0, 1, 1), Split = c(45L, 
    NA, NA), Value = c(5L, NA, NA), MU = c(NA, -0.049568599876135, 
    -0.00396129367474105), begin = c(1, 1, 5), end = c(30, 4, 
    30)), list(position = c(1, 2, 3), parent = c(NA, 1, 1), Terminal = c(0, 
    1, 1), Split = c(45L, NA, NA), Value = c(5L, NA, NA), MU = c(NA, 
    -0.0507709652423815, -0.0030732646152432), begin = c(1, 1, 
    5), end = c(30, 4, 30)), list(position = c(1, 2, 3), parent = c(NA, 
    1, 1), Terminal = c(0, 1, 1), Split = c(45L, NA, NA), Value = c(5L, 
    NA, NA), MU = c(NA, -0.0518803395893225, -0.00236377829061092
    ), begin = c(1, 1, 5), end = c(30, 4, 30)), list(position = c(1, 
    2, 3), parent = c(NA, 1, 1), Terminal = c(0, 1, 1), Split = c(45L, 
    NA, NA), Value = c(5L, NA, NA), MU = c(NA, -0.052890413065517, 
    -0.00180401136077929), begin = c(1, 1, 5), end = c(30, 4, 
    30)), list(position = c(1, 2, 3), parent = c(NA, 1, 1), Terminal = c(0, 
    1, 1), Split = c(45L, NA, NA), Value = c(5L, NA, NA), MU = c(NA, 
    -0.053796336120806, -0.00136717608842006), begin = c(1, 1, 
    5), end = c(30, 4, 30)), list(position = c(1, 2, 3), parent = c(NA, 
    1, 1), Terminal = c(0, 1, 1), Split = c(45L, NA, NA), Value = c(5L, 
    NA, NA), MU = c(NA, -0.0545946120371626, -0.00102954259467816
    ), begin = c(1, 1, 5), end = c(30, 4, 30)), list(position = c(1, 
    2, 3), parent = c(NA, 1, 1), Terminal = c(0, 1, 1), Split = c(45L, 
    NA, NA), Value = c(5L, NA, NA), MU = c(NA, -0.0552829860384466, 
    -0.000770803816527679), begin = c(1, 1, 5), end = c(30, 4, 
    30)), list(position = c(1, 2, 3), parent = c(NA, 1, 1), Terminal = c(0, 
    1, 1), Split = c(45L, NA, NA), Value = c(5L, NA, NA), MU = c(NA, 
    -0.0558603333698646, -0.00057403350334928), begin = c(1, 
    1, 5), end = c(30, 4, 30)), list(position = c(1, 2, 3), parent = c(NA, 
    1, 1), Terminal = c(0, 1, 1), Split = c(45L, NA, NA), Value = c(5L, 
    NA, NA), MU = c(NA, -0.0563265482708086, -0.00042541498990363
    ), begin = c(1, 1, 5), end = c(30, 4, 30)), list(position = c(1, 
    2, 3), parent = c(NA, 1, 1), Terminal = c(0, 1, 1), Split = c(45L, 
    NA, NA), Value = c(5L, NA, NA), MU = c(NA, -0.0566824353663039, 
    -0.000313860713455655), begin = c(1, 1, 5), end = c(30, 4, 
    30)), list(position = c(1, 2, 3), parent = c(NA, 1, 1), Terminal = c(0, 
    1, 1), Split = c(45L, NA, NA), Value = c(5L, NA, NA), MU = c(NA, 
    -0.056929604663768, -0.000230599095781936), begin = c(1, 
    1, 5), end = c(30, 4, 30)), list(position = c(1, 2, 3), parent = c(NA, 
    1, 1), Terminal = c(0, 1, 1), Split = c(45L, NA, NA), Value = c(5L, 
    NA, NA), MU = c(NA, -0.0570703710554239, -0.000168774423331894
    ), begin = c(1, 1, 5), end = c(30, 4, 30)), list(position = c(1, 
    2, 3), parent = c(NA, 1, 1), Terminal = c(0, 1, 1), Split = c(45L, 
    NA, NA), Value = c(5L, NA, NA), MU = c(NA, -0.0571076589856838, 
    -0.000123084182233835), begin = c(1, 1, 5), end = c(30, 4, 
    30)), list(position = c(1, 2, 3), parent = c(NA, 1, 1), Terminal = c(0, 
    1, 1), Split = c(45L, NA, NA), Value = c(5L, NA, NA), MU = c(NA, 
    -0.0570449127411067, -8.94644987985416e-05), begin = c(1, 
    1, 5), end = c(30, 4, 30)), list(position = c(1, 2, 3), parent = c(NA, 
    1, 1), Terminal = c(0, 1, 1), Split = c(45L, NA, NA), Value = c(5L, 
    NA, NA), MU = c(NA, -0.0568860126528393, -6.4825823974532e-05
    ), begin = c(1, 1, 5), end = c(30, 4, 30)), list(position = c(1, 
    2, 3), parent = c(NA, 1, 1), Terminal = c(0, 1, 1), Split = c(45L, 
    NA, NA), Value = c(5L, NA, NA), MU = c(NA, -0.0566351973631175, 
    -4.68361378537507e-05), begin = c(1, 1, 5), end = c(30, 4, 
    30)), list(position = c(1, 2, 3), parent = c(NA, 1, 1), Terminal = c(0, 
    1, 1), Split = c(45L, NA, NA), Value = c(5L, NA, NA), MU = c(NA, 
    -0.056296992194338, -3.37465021935518e-05), begin = c(1, 
    1, 5), end = c(30, 4, 30)), list(position = c(1, 2, 3), parent = c(NA, 
    1, 1), Terminal = c(0, 1, 1), Split = c(45L, NA, NA), Value = c(5L, 
    NA, NA), MU = c(NA, -0.0558761435678428, -2.4252864612509e-05
    ), begin = c(1, 1, 5), end = c(30, 4, 30)), list(position = c(1, 
    2, 3), parent = c(NA, 1, 1), Terminal = c(0, 1, 1),