input_sample_variance_2 <-
list(y = c(-3.89565040528715, 4.67660299874702, -11.1771073373155, 
-4.79976502351097, 7.76956231294659, -6.71079735166319, 1.17688199482718, 
-4.79876015993814, 2.00984147217091, 7.5311514945227, 2.54479637985554, 
-2.13678792938371, 7.257661064959, 1.27046719657405, 0.555825115946986, 
4.02198016625515, -12.134004149571, 5.34899276071843, -3.02420067796803, 
-0.756988319690208, -0.581277075900563, 1.58236932637208, 4.35801259494489, 
3.55475374915753, 2.5686395653458, 4.21346094206815, 3.49059821753022, 
-0.305597181801352, -10.996030047322, 2.68546380834617, -0.748640606325655, 
-1.40130430480736, 6.61375394903245, -8.25459485703227, -5.75263904221536, 
-3.10064615798404, 1.57296873030977, 6.50391365623252, 3.25514115821523, 
1.50506899295791, 3.41462968751169, -7.77882942275785, -2.69001184907949, 
-2.59026352998811, -0.942442982375998, 4.27714191854092, 5.1890543408097, 
3.44836926766498, -1.44727343461167, -1.84773519427799, 3.07839235944822, 
2.2826220488756, -4.13673525577027, -4.35183835494154, 1.43823006455211, 
7.87225436799785, -6.14812524997324, 3.04328280181107, 4.06455768883895, 
-2.51054392342529, 1.70518198061767, -3.76693141561244, 1.24342414314272, 
-6.4681372613797, 6.84582586055806, 9.757439586237, -3.63755717331058, 
-2.40816808096773, -6.01729260391893, 2.57892037248973, -1.22970201452219, 
11.9024838108082, -0.726250854248501, 2.95306129507376, -0.530320645262687, 
-4.42392761756278, 0.374934412534501, -5.70473595064521, 7.06599867185273, 
0.18065304908738, 0.347434125749629, 15.021689362009, 1.96820647451493, 
-4.37612713934211, 6.92131247700906, -5.43286611224123, 3.13863956412924, 
-7.13053583633876, 0.979251660228066, -2.86003465951072, -0.614016138926615, 
4.19257806574714, -3.55251423844589, 0.779936549812466, -1.1887557735203, 
5.59695887032506, -8.60204329231874, -6.19005243695629, 6.72539582808533, 
1.12474155669107, 4.92326527466739, -2.16739381622292, 1.28890381816239, 
0.839292495350112, -3.45431411779876, 10.3454089349781, 5.78984965848787, 
5.55867194886849, 3.1185730684837, 7.79743821811813, 2.75603118015545, 
2.30156744331547, -7.15741055266564, -3.6109746647013, -5.96341815471378, 
-2.71059409752411, 1.21073637187564, -3.8370865575343, -0.334014204723252, 
-1.0624946625555, -1.16635790383937, 0.365240978569813, -3.9919258464947, 
8.63896232198702, 3.14952952505076, 4.20702643678555, 1.41652942548036, 
8.18707720604952, -3.9390289553766, -3.01131795337183, 6.88760405766027, 
-4.01330387560028, -1.63478528657039, -2.72675927608736, 2.04783823590509, 
-7.94831535645602, -2.04642551302989, -3.43141984622191, 1.95711834410791, 
2.78366478120474, -3.33948898322798, 5.11249738988811, 6.32088387385008, 
-1.73336416079496, -1.58899625091377, -1.15490229929836, 3.25087318420131, 
-0.96890214767156, -0.862037564958455, -4.2473219388289, -2.22625418548199, 
-3.89478618738971, -0.281057066305869, -3.71435747989565, 2.08037492508177, 
-8.57347475738101, 4.02470722127697, 0.973155145763278, -8.68361205894418, 
-2.05135487933272, -3.3185638324461, -4.00276362812002, 3.46099300009117, 
-10.5177501763741, 5.50814207982369, -4.79465324470511, -3.00572502124756, 
5.63053549013431, -6.40702002607134, -0.19210878182003, 5.98345548123269, 
10.3028099361551, 3.8130690594876, -7.30052816691309, -9.16293065710218, 
1.75795150139992, -0.637565966391734, -2.1203300001007, -5.36838401403982, 
-3.98206155279566, -6.27455350496647, 4.72101979232473, -3.79296747396098, 
-7.904023922183, 9.21805974006142, 1.63644548238929, -1.7379919835979, 
9.17235077123785, 2.35406309461859, 3.98188104766387, 1.29596343985782, 
-3.7895216450572, 10.8769047446434, 1.35218954938835, 2.62379611006061, 
-1.98663246690313, -7.88460183871033, -1.40227526861027, 0.543175716365435, 
11.4362639093439, 6.09535369977778, 0.131279611450293, 1.89664022989579, 
-1.00771273283162, 1.81548106758888, -0.615905232004367, 3.56477373452575, 
10.2727440621481, 4.77397959167461, 5.74871001783091, -7.00160888352001, 
4.60077970226544, 0.549342984591064, -8.33031428659481, 2.2323031679962, 
-1.2592361597746, 7.05673816464899, -4.66062281413025, 1.49461062968907, 
-5.41737724832597, -1.61718438891386, 1.51124736928314, -4.4413663363141, 
3.72244555628739, -6.96391782389753),