output_sample_variance_2 <-
list(sigma2_samples = c(0.1, 27.1944049029961, 30.7539371722807
))
