output_update_residuals_2 <-
list(residuals = c(-11.0855312378916, -6.63172808149686, 4.0359931450052, 
-3.09175828855709, 1.51855200210727, 6.5968864351615, -5.65040549521, 
4.19914668193693, -6.11961608303504, -2.49568779563843, -3.51452996779816, 
0.393885062399441, 3.048049410196, -6.14447261505701, 10.1991356946169, 
2.80422002896174, -5.9374320419897, -1.13269495527085, -7.82982166057544, 
-3.3932845704701, 5.05643789455102, -3.89364036068873, 3.98194321081999, 
5.73969537184195, 5.64872477440022, 2.24750700895271, 1.32069103696052, 
1.31318861020241, 2.56703941463522, 6.05796765874866))
