output_update_spatial_effect_2 <-
list(spatial_theta = c(-0.0696357297447595, 0.0228764632935871, 
-0.079662193728466, 0.158953377445113, 0.0417889193370746, -0.0683489957398211, 
0.0513271481345597, 0.0708682321874698, 0.0566303149852277, -0.0192416370174384, 
0.136592714863787, 0.0361606653804396, -0.0538630597409073, -0.199428329207084, 
0.10205218935652, 0.0104064729836813, -0.0211749459657624, 0.0548954210711037, 
0.090559556664073, 0.0681117451509826, 0.0944296083073002, 0.0807196761431552, 
0.0182092642406051, -0.157715857489577, 0.062174776268979, 0.00516708750800933, 
-0.00702152317202773, -0.123125329069163, -0.0436387538450318, 
0.0408693992922217, 0.148697587437114, -0.0251692258674944, 0.0127946681820979, 
-0.0232423602060725, -0.119006375902858, -0.0243322865795197, 
-0.0206989910372111, 0.00987368103385172, 0.106109440898714, 
0.0790229632413822, -0.000571432416682892, -0.0134980421561409, 
0.0643301488731385, 0.0528782378460529, -0.0552292574741132, 
-0.0503039722785899, 0.0527863428819162, 0.039246397901769, -0.0258752560777273, 
0.042356393465826, 0.00874365430837548, -0.0624401225935911, 
0.0453649694825736, -0.079755243111899, 0.141451596150087, 0.184970607507249, 
-0.0179926549391357, -0.0771506725948447, 0.0586569057518435, 
-0.00435538590529705, 0.241648142133315, 0.0141229556322238, 
0.0326826186963707, -0.0169985971456678, -0.0688493593604355, 
-0.00588033801914559, -0.143213197890908, 0.0785701916591413, 
-0.0110389893964764, 0.212854440116397, 0.0622815419622205, -0.0400453881436858, 
0.0654148378892803, -0.0685886941388759, -0.102071483011956, 
0.0441206003986785, -0.0204427247681156, 0.0158209610956066, 
-0.0117862661501639, -0.0589637232231824, -0.0582267929008938, 
-0.0285833390978039, 0.0569679559131929, -0.123609453665164, 
0.018196552473951, 6.19828304184236e-05, 0.113422630201134, -0.0120154265131781, 
0.0469694749674856, 0.0363253080841496, -0.0289279924132103, 
0.126112458908112, 0.122137601188288, 0.0302143634606463, 0.0887794165370379, 
0.0178449194843446, -0.106298463318334, -0.060528020896143, -0.102712719390363, 
-0.0541931594631643, -0.0633878046728072, -0.0205269361440937, 
-0.0853495031365879, 0.0308131342569388, -0.0475470190550375, 
0.177704387615649, 0.0848870689363735, 0.100418200547545, 0.0535738005062555, 
0.0962180151811566, -0.0621743823583194, -0.0519315844623228, 
0.06839889064531, -0.0661998671875532, -0.0383575321732946, -0.050355247239434, 
-0.0450836799988603, -0.0427083253743279, 0.0104956371974168, 
-0.0365833900208035, -0.0261906371328033, 0.132224768184799, 
-0.00153550455455816, 0.00260854195440835, -0.0272084519139058, 
0.0258597445842066, -0.0273802891255924, -0.025148633432431, 
-0.0688650227795102, -0.0459129613015527, -0.0192665484104313, 
-0.0620881342965081, 0.0113145060789595, -0.127191648795706, 
-0.00354505401039526, -0.119870482894398, -0.0115305029887804, 
-0.0319132902969154, -0.0425307210221674, 0.00770058249965301, 
-0.152400023639891, 0.0536775786066554, -0.131393482632558, -0.0555485485947881, 
-0.0963336945850662, -0.0720092431400758, 0.112717461002031, 
-0.0215072144721809, -0.11044010304626, -0.139147737894537, 0.0534800656475155, 
0.0110472592778006, -0.0151551990399112, -0.0677854671183062, 
-0.113900054501598, -0.0988276547351497, 0.0424733336054002, 
-0.0652406138923505, -0.115489966117766, 0.0951765845130786, 
0.00401464885508922, -0.037496194182086, 0.0482245112902802, 
0.0358140286389974, -0.0651365780593404, 0.205083110660716, -0.00731841880304973, 
-0.105038320725036, -0.00180850591283372, 0.0322913407676827, 
0.224349200457752, -0.0146422506907025, 0.0058931853792342, -0.0305931743248866, 
-0.0466958191881074, -0.0245668811588686, 0.0301619778438779, 
0.116534375234324, 0.0481259746643484, 0.0607664075420378, -0.0923694111889299, 
0.101015241818658, 0.0322567389457988, -0.10982391322091, 0.0653866250862324, 
0.0102200702396843, 0.0776011435068344, -0.0738823235204729, 
-0.0532343839411004, -0.0846674235316744, -0.034155643899247, 
0.00458197829880868, -0.0680140424225423, 0.0353330219778556, 
-0.107292789578826, -0.0761664086337982, 0.141183753340691, -0.0692592591827073, 
0.0533381249370498, -0.00744535944285465, 0.0649375579207821, 
0.185150699418044, 0.085437935155897, -0.0472219466066311, -0.17860192376599, 
0.143461023832941, 0.0232096527526861, 0.0159686784840637, -0.0230029869214728, 
0.0134983097014523, 0.00432288811168281, 0.0612778023824866, 
-0.0137082392331187, -0.100579258685547, 0.116008069102806, 0.169596144213293, 
0.00620824077679094, -0.114130880347353, 0.0191481710012137, 
-0.0295120740085615, -0.144992471693978, -0.0241561671227658, 
-0.0693976038668732, -0.0487354241398496, -0.111155775431386))
