output_update_spatial_effect <-
list(spatial_theta = c(-0.0541327044842805, 0.0103347247688816, 
-0.0880592748618438, 0.132562765131892, 0.0251217199642318, -0.0755524456043313, 
0.0332268663620015, 0.0545096837559999, 0.0426544239716581, -0.0276833840681776, 
0.116867509457295, 0.0304296161808046, -0.0513435097722062, -0.187826850686218, 
0.0868859459361996, -0.0104961541880459, -0.0100603231781694, 
0.0573447325441543, 0.0710744351510678, 0.052003009535938, 0.0778227203408179, 
0.0673341488268176, 0.0107418635313135, -0.153101073375891, 0.0462182157665214, 
-0.00417528164623792, -0.0134357015397276, -0.119770158275432, 
-0.04723771337536, 0.0278510976875505, 0.118731374880287, -0.0141875255112417, 
0.0203843384329489, -0.0102074348012994, -0.0987167224433491, 
-0.0325066624909825, -0.031853172099751, -0.00669270384081349, 
0.0825608333913889, 0.0580995903333544, -0.0133868008529656, 
-0.0230337434715355, 0.0487827778231115, 0.0405601710440387, 
-0.0584635697158712, -0.0647225816156066, 0.0272843896172019, 
0.0432113199170136, -0.014641191450384, 0.0481721532995867, 0.0185203825245929, 
-0.0456089900199762, 0.0296758968560748, -0.0877041760357955, 
0.111669154317596, 0.155888896910015, -0.0249923423761934, -0.0794516927833833, 
0.0444050560139209, -0.0113393032248483, 0.203799687033371, -0.000650179315821727, 
0.0392148802991734, -0.00403539966512582, -0.0524722689489818, 
0.00467011239139153, -0.119510380950417, 0.0814982349270229, 
0.00235766109850523, 0.18260233602765, 0.0492545760155388, -0.0468633071109376, 
0.0530493118014612, -0.069138714949258, -0.10167661715412, 0.0267828585200332, 
-0.0349140839781663, -0.000792067807309254, -0.00194377935808848, 
-0.0438659660968205, -0.0429341120878084, -0.0167017444818915, 
0.0631776614559665, -0.0992099945055931, 0.0278807351781711, 
0.0129604279912753, 0.0941069784952442, -0.0183860247082768, 
0.0340808014809415, 0.0263255004867539, -0.0451099552670696, 
0.0963006479683133, 0.0964050188187668, 0.036844368178113, 0.0908475140086563, 
0.028111169344718, -0.082237904465131, -0.04206299733727, -0.0805302770700551, 
-0.0368661268713932, -0.0459444568585325, -0.00645733773636643, 
-0.0660093044638642, 0.0210893121044341, -0.0504964312070979, 
0.149790064923187, 0.0657002334497833, 0.08204520808701, 0.041751479276709, 
0.0970490687168077, -0.044672024244282, -0.0361714056507952, 
0.0744654373110347, -0.046825169827651, -0.022469288162077, -0.0330534021340936, 
-0.0291623072488587, -0.0273121957701285, 0.0210292659475697, 
-0.0207976148050475, -0.0301461240065218, 0.115818907429007, 
-0.0037107597562238, -0.00246198097180726, -0.0133044910463043, 
0.0352970629640771, -0.0122597723086541, -0.0105070996966509, 
-0.0491038901546141, -0.0292508461143932, -0.00682747086253681, 
-0.045365545843691, 0.0213395010605683, -0.103664072988365, 0.00794481824542499, 
-0.114976871318575, -0.0162279462279089, -0.034618451189809, 
-0.0453171636844382, -0.000188085048343052, -0.126338712839549, 
0.0595763198990898, -0.108158827708386, -0.0396995917071788, 
-0.0779698814188814, -0.0577546685173195, 0.109113159041082, 
-0.0106062182685969, -0.0911115287295246, -0.117911098389499, 
0.0394290957703502, 0.00237099786101942, -0.0201128651169083, 
-0.0687051018348301, -0.116614569175198, -0.0806441945652597, 
0.0462808350189839, -0.0508202016663372, -0.0966239537850102, 
0.0928534986428633, 0.0109940792331252, -0.0275327436635571, 
0.0490993820252519, 0.0399705553822942, -0.0528641686104737, 
0.179287072143171, -0.0138244682083053, -0.105643057145637, -0.0130210166985582, 
0.0146808992844496, 0.192012888612867, -0.00672897070791108, 
0.0137535529291625, -0.0180249720183122, -0.0327886957934766, 
-0.015025270572295, 0.0338907218845762, 0.113011466919369, 0.0527478025229412, 
0.0661840040344262, -0.0929429091777408, 0.0807144943725224, 
0.0215003223837719, -0.109809108305261, 0.044705751431291, -0.00570840229904263, 
0.0811814011537666, -0.0560539986526869, -0.0361617325537167, 
-0.0659879911212118, -0.0212107725407052, 0.0143931875918066, 
-0.0528642239741476, 0.0425177637479399, -0.0859611227942093, 
-0.0820406096703835, 0.118559574730303, -0.07458614390479, 0.0355698940734943, 
-0.0247702795360547, 0.0409028655911204, 0.154209125860482, 0.0881416094801351, 
-0.0307032392936453, -0.151363211125322, 0.139855345163974, 0.0320410407825205, 
0.0253738902013764, -0.00902228786569816, 0.0243489104921357, 
-0.00580171742219656, 0.0446064024606448, -0.0228560881466524, 
-0.104191033490547, 0.0899308876981906, 0.143311799258414, -0.0061586842798551, 
-0.090968474767015, 0.0294894651137732, -0.0132074342946611, 
-0.118947736708718, -0.0105035065941281, -0.0507569105133742, 
-0.033135207733533, -0.0893065149502572))
