output_update_dirichlet_alpha_2 <-
list(cov_sel_prob = structure(c(0.00185386377839895, 0.0224937838173425, 
0.0215630469425889, 0.00999191635051837, 0.0146088021342753, 
0.0138417820027012, 0.0118302569102986, 0.00367296169104023, 
0.00113065208170118, 0.00187848193853015, 0.0037139732049976, 
0.0056011182708702, 0.000814925137074664, 0.0149284336284997, 
0.0120466794173837, 0.0162626308370534, 0.0144109723803615, 0.00662140948396716, 
0.0144230941732837, 0.0186708602294107, 0.00156271148568386, 
0.0026175854747436, 0.00414910647983269, 0.00513780613649546, 
0.0017471091259968, 0.0100581084131609, 0.00289666664475606, 
0.0188844063938425, 0.0141632335363748, 0.00466546363661068, 
0.00276137387414246, 0.0116040390200033, 0.00157222476707384, 
0.0449825599020051, 0.00981204976896361, 0.00192239073877192, 
0.00114418261059812, 0.024217960198587, 0.0344247584160542, 0.00327474163116852, 
0.00481328700524314, 0.0056477951600002, 0.005036158498351, 0.00134480114267485, 
0.488502091802296, 0.024774527138181, 0.00733984689312573, 0.0384335654704727, 
0.0106680878397486, 0.00148171638474312), dim = c(1L, 50L)), 
    rules_count = c(0, 0, 0, 0, 0, 0, 0, 0, 0, 0, 0, 0, 0, 0, 
    0, 0, 0, 0, 0, 0, 0, 0, 0, 0, 0, 0, 0, 0, 0, 0, 0, 0, 0, 
    0, 0, 0, 0, 0, 0, 0, 0, 0, 0, 0, 50, 0, 0, 0, 0, 0), dirichlet_alpha = 1, 
    posterior_dirichlet_alpha = c(1, 1, 1, 1, 1, 1, 1, 1, 1, 
    1, 1, 1, 1, 1, 1, 1, 1, 1, 1, 1, 1, 1, 1, 1, 1, 1, 1, 1, 
    1, 1, 1, 1, 1, 1, 1, 1, 1, 1, 1, 1, 1, 1, 1, 1, 51, 1, 1, 
    1, 1, 1))
