output_update_spatial_effect <-
list(spatial_theta = c(0.0995173893166768, 0.124394827914844, 
0.0413487396237658, -0.132234809821224, -0.080626418664612, -0.0290739546660549, 
-0.00249784070834588, 0.195382290211018, 0.0674647031636381, 
-0.0581303410503637, -0.089294490085215, -0.0236212933159396, 
-0.0243549754661932, -0.0349007184422274, 0.019960680547183, 
-0.0840804681385111, 0.0334458512788654, -0.0823102898982767, 
-0.022477888829688, 0.0300404985251511, 0.0113375862215124, 0.0680476427134056, 
0.0011793076702726, 0.0435600572437063, 0.0875319862449109, -0.0501797512638758, 
-0.0994712587732712, 0.00139687896088862, -0.0207641384928314, 
-0.0466057348359891, -0.0430253177113548, -0.0434207829651377, 
0.050186009322531, 0.0777933221332553, 0.067695500060935, -0.0342409069628012, 
0.10371346893559, -0.0164073667685887, 0.141554326777892, 0.0497164620277534, 
-0.0309614257928061, -0.0638972465543689, -0.0926417746477609, 
-0.0891289131133643, -0.135890511387961, 0.101786686797304, 0.0760123144385993, 
-0.0110000605918254, 0.0212603379037937, -0.0198382966361835, 
0.15904713238584, -0.0445696789797977, -0.00216846746554698, 
0.0217030729142557, 0.0487739366060402, -0.0150667258136928, 
-0.179299676498803, -0.111610483915922, 0.0126958383366704, -0.0162463795964557, 
-0.077579024320675, -0.00901450829283542, -0.049083844436472, 
0.0192521596859777, -0.0845048472522565, 0.0262280649845642, 
0.0182717811789798, 0.00731829229662883, 0.00421232751628578, 
0.0151404119704974, -0.0606511722687545, -0.0229470970832337, 
0.0374188711417276, 0.0757634398654214, 0.00154292260600067, 
-0.0104084660620612, -0.0762840158499826, -0.124877387303063, 
-0.0476057234920616, 0.0799764320433666, 0.0514201011003041, 
-0.00820458235782702, -0.0215948493242086, -0.0222511583278006, 
0.0640264656945738, -0.0133249044612834, 0.0947677751118312, 
0.0467605072353074, 0.10283692116774, -0.0769574325166313, -0.00462765620082233, 
-0.0779269437529151, 0.0397820755597393, 0.0114108635925908, 
-0.012980220781011, 0.0925716508459723, 0.0189482425934735, 0.0634119686909776, 
0.0522692677421846, -0.0402050054330133, -0.0323478340359505, 
0.00680773368067242, -0.0669582593342146, 0.0467069209512004, 
-0.116832123273084, 0.130004442452999, -0.041445763423539, 0.130854525517391, 
-0.0326524629384545, -0.0546641776512976, 0.00666270139476292, 
0.00663463775073394, -0.0944093881494296, 0.0644244758874487, 
-0.0633288254120094, 0.0213861054506185, 0.0316956017520361, 
0.0107132166586154, -0.00492256027952778, 0.0152772802535194, 
-0.0860176470250535, -0.0655130207830802, -0.0909347905707961, 
0.120645500397077, 0.0975181198611172, 0.0214792142033013, -0.06827339207864, 
0.0031573581921256, 0.0916105400928706, -0.0232038877697044, 
0.0508479329392966, -0.053283273598385, 0.044875387153372, -0.0549765777509281, 
-0.0758326972479103, -0.0831053602246168, -0.0744937993968493, 
-0.0784363923671361, 0.051106936352703, 0.000862495630457895, 
-0.0155313296736002, -0.0608371553951931, -0.0571527567815061, 
-0.0429078246120091, -0.0640324742799665, -0.025992622571528, 
0.0277636973300645, -0.0704499982712786, 0.0887494283226331, 
-0.0829570415596986, -0.0164788430504529, 0.174915304837434, 
0.0664786198423447, -0.0196903864642904, -0.0700522557127488, 
0.0364814648568352, 0.000190803715744061, -0.0222997732649317, 
0.0178448248945982, -0.028947234905364, 0.155068808574863, 0.101370870142479, 
0.0498504339730247, 0.046784369828301, -0.0309371906391964, 0.068432510984031, 
-0.0266920422181363, -0.0776285712523992, 0.141408683252219, 
-0.0737403869069976, -0.0261564722708631, -0.0345460371397737, 
-0.0547817620761845, 0.0370636307756291, -0.0869762158710524, 
-0.00956186293919679, -0.0311806670109452, -0.0816621151758873, 
-0.00413085965679939, -0.027611368276269, -0.0504603558876721, 
0.0740620092704412, 0.0402965932958294, -0.00743416125384457, 
0.0109444658231838, -0.062630822646079, -0.0129323153238159, 
0.067111014919398, 0.000105359694473051, 0.0102419696989315, 
0.122298043903466, -0.0397443051754891, 0.0601120601729003, 0.113977622550032, 
-0.0639375066179623, -0.000558076438983804, -0.0329773431134617, 
-0.0414397737930876, -0.0873283243872185, -0.0791386694547764, 
0.0965507223879568, 0.0456402208302855, 0.0520377429300014, 0.100488591907411, 
-0.0164752335805289, 0.055388464842435, 0.00230030612615251, 
-0.0253210009000061, 0.0637380049572997, 0.0079983651911185, 
-0.0977108911619178, -0.0288648802224328, 0.114336211737872, 
0.0913260977924892, -0.124038913704931, 0.00166665118072796, 
0.0701641310472789, -0.0991564501760174, 0.0948962273121372, 
-0.0274608735461698, 0.0237480544611629, -0.00597554175741769, 
0.107160814308521, -0.0882229974925185, -0.00469856985136469))
