output_sample_variance <-
list(sigma2_samples = c(0.1, 27.1944049029961))
