output_grow <-
list(dt_list = list(list(position = c(1, 2, 3), parent = c(NA, 
1, 1), Terminal = c(0, 1, 1), Split = c(45L, NA, NA), Value = c(5L, 
NA, NA), MU = c(NA, -0.0371858981566316, -0.00205277545864795
), begin = c(1, 1, 5), end = c(30, 4, 30)), list(position = c(1, 
2, 3), parent = c(NA, 1, 1), Terminal = c(0, 1, 1), Split = c(45L, 
NA, NA), Value = c(5L, NA, NA), MU = c(NA, -0.0366542388087501, 
-0.00330303556742768), begin = c(1, 1, 5), end = c(30, 4, 30)), 
    list(position = c(1, 2, 3), parent = c(NA, 1, 1), Terminal = c(0, 
    1, 1), Split = c(45L, NA, NA), Value = c(5L, NA, NA), MU = c(NA, 
    -0.0362131939296746, -0.00588284816009778), begin = c(1, 
    1, 5), end = c(30, 4, 30)), list(position = c(1, 2, 3), parent = c(NA, 
    1, 1), Terminal = c(0, 1, 1), Split = c(45L, NA, NA), Value = c(5L, 
    NA, NA), MU = c(NA, -0.0358692687969164, -0.00917205998995355
    ), begin = c(1, 1, 5), end = c(30, 4, 30)), list(position = c(1, 
    2, 3), parent = c(NA, 1, 1), Terminal = c(0, 1, 1), Split = c(45L, 
    NA, NA), Value = c(5L, NA, NA), MU = c(NA, -0.0356269392447983, 
    -0.0124694137423415), begin = c(1, 1, 5), end = c(30, 4, 
    30)), list(position = c(1, 2, 3), parent = c(NA, 1, 1), Terminal = c(0, 
    1, 1), Split = c(45L, NA, NA), Value = c(5L, NA, NA), MU = c(NA, 
    -0.0354886751520235, -0.0152301735441427), begin = c(1, 1, 
    5), end = c(30, 4, 30)), list(position = c(1, 2, 3), parent = c(NA, 
    1, 1), Terminal = c(0, 1, 1), Split = c(45L, NA, NA), Value = c(5L, 
    NA, NA), MU = c(NA, -0.0354550278842454, -0.01714350141698
    ), begin = c(1, 1, 5), end = c(30, 4, 30)), list(position = c(1, 
    2, 3), parent = c(NA, 1, 1), Terminal = c(0, 1, 1), Split = c(45L, 
    NA, NA), Value = c(5L, NA, NA), MU = c(NA, -0.0355247637528647, 
    -0.0181142840204738), begin = c(1, 1, 5), end = c(30, 4, 
    30)), list(position = c(1, 2, 3), parent = c(NA, 1, 1), Terminal = c(0, 
    1, 1), Split = c(45L, NA, NA), Value = c(5L, NA, NA), MU = c(NA, 
    -0.0356950288855953, -0.0182043308623315), begin = c(1, 1, 
    5), end = c(30, 4, 30)), list(position = c(1, 2, 3), parent = c(NA, 
    1, 1), Terminal = c(0, 1, 1), Split = c(45L, NA, NA), Value = c(5L, 
    NA, NA), MU = c(NA, -0.0359615337281606, -0.0175673440046795
    ), begin = c(1, 1, 5), end = c(30, 4, 30)), list(position = c(1, 
    2, 3), parent = c(NA, 1, 1), Terminal = c(0, 1, 1), Split = c(45L, 
    NA, NA), Value = c(5L, NA, NA), MU = c(NA, -0.0363187477797193, 
    -0.0163945793044823), begin = c(1, 1, 5), end = c(30, 4, 
    30)), list(position = c(1, 2, 3), parent = c(NA, 1, 1), Terminal = c(0, 
    1, 1), Split = c(45L, NA, NA), Value = c(5L, NA, NA), MU = c(NA, 
    -0.0367600971678139, -0.0148766911497028), begin = c(1, 1, 
    5), end = c(30, 4, 30)), list(position = c(1, 2, 3), parent = c(NA, 
    1, 1), Terminal = c(0, 1, 1), Split = c(45L, NA, NA), Value = c(5L, 
    NA, NA), MU = c(NA, -0.0372781593446522, -0.0131810788826132
    ), begin = c(1, 1, 5), end = c(30, 4, 30)), list(position = c(1, 
    2, 3), parent = c(NA, 1, 1), Terminal = c(0, 1, 1), Split = c(45L, 
    NA, NA), Value = c(5L, NA, NA), MU = c(NA, -0.0378648505815329, 
    -0.0114414495695564), begin = c(1, 1, 5), end = c(30, 4, 
    30)), list(position = c(1, 2, 3), parent = c(NA, 1, 1), Terminal = c(0, 
    1, 1), Split = c(45L, NA, NA), Value = c(5L, NA, NA), MU = c(NA, 
    -0.0385116030924554, -0.009755771087369), begin = c(1, 1, 
    5), end = c(30, 4, 30)), list(position = c(1, 2, 3), parent = c(NA, 
    1, 1), Terminal = c(0, 1, 1), Split = c(45L, NA, NA), Value = c(5L, 
    NA, NA), MU = c(NA, -0.0392095295664367, -0.00818924959850822
    ), begin = c(1, 1, 5), end = c(30, 4, 30)), list(position = c(1, 
    2, 3), parent = c(NA, 1, 1), Terminal = c(0, 1, 1), Split = c(45L, 
    NA, NA), Value = c(5L, NA, NA), MU = c(NA, -0.0399495736612535, 
    -0.00677977985920911), begin = c(1, 1, 5), end = c(30, 4, 
    30)), list(position = c(1, 2, 3), parent = c(NA, 1, 1), Terminal = c(0, 
    1, 1), Split = c(45L, NA, NA), Value = c(5L, NA, NA), MU = c(NA, 
    -0.0407226456356581, -0.00554414231501116), begin = c(1, 
    1, 5), end = c(30, 4, 30)), list(position = c(1, 2, 3), parent = c(NA, 
    1, 1), Terminal = c(0, 1, 1), Split = c(45L, NA, NA), Value = c(5L, 
    NA, NA), MU = c(NA, -0.041519742795473, -0.00448390731418041
    ), begin = c(1, 1, 5), end = c(30, 4, 30)), list(position = c(1, 
    2, 3), parent = c(NA, 1, 1), Terminal = c(0, 1, 1), Split = c(45L, 
    NA, NA), Value = c(5L, NA, NA), MU = c(NA, -0.0423320548211552, 
    -0.00359051288933421), begin = c(1, 1, 5), end = c(30, 4, 
    30)), list(position = c(1, 2, 3), parent = c(NA, 1, 1), Terminal = c(0, 
    1, 1), Split = c(45L, NA, NA), Value = c(5L, NA, NA), MU = c(NA, 
    -0.0431510543475107, -0.00284932116509168), begin = c(1, 
    1, 5), end = c(30, 4, 30)), list(position = c(1, 2, 3), parent = c(NA, 
    1, 1), Terminal = c(0, 1, 1), Split = c(45L, NA, NA), Value = c(5L, 
    NA, NA), MU = c(NA, -0.0439685733949483, -0.00224266327331836
    ), begin = c(1, 1, 5), end = c(30, 4, 30)), list(position = c(1, 
    2, 3), parent = c(NA, 1, 1), Terminal = c(0, 1, 1), Split = c(45L, 
    NA, NA), Value = c(5L, NA, NA), MU = c(NA, -0.0447768664186285, 
    -0.00175199085329956), begin = c(1, 1, 5), end = c(30, 4, 
    30)), list(position = c(1, 2, 3), parent = c(NA, 1, 1), Terminal = c(0, 
    1, 1), Split = c(45L, NA, NA), Value = c(5L, NA, NA), MU = c(NA, 
    -0.0455686608579115, -0.00135929630565623), begin = c(1, 
    1, 5), end = c(30, 4, 30)), list(position = c(1, 2, 3), parent = c(NA, 
    1, 1), Terminal = c(0, 1, 1), Split = c(45L, NA, NA), Value = c(5L, 
    NA, NA), MU = c(NA, -0.0463371961428941, -0.00104796915883078
    ), begin = c(1, 1, 5), end = c(30, 4, 30)), list(position = c(1, 
    2, 3), parent = c(NA, 1, 1), Terminal = c(0, 1, 1), Split = c(45L, 
    NA, NA), Value = c(5L, NA, NA), MU = c(NA, -0.0470762521554384, 
    -0.000803240108250156), begin = c(1, 1, 5), end = c(30, 4, 
    30)), list(position = c(1, 2, 3), parent = c(NA, 1, 1), Terminal = c(0, 
    1, 1), Split = c(45L, NA, NA), Value = c(5L, NA, NA), MU = c(NA, 
    -0.0477801681556139, -0.000612339305803636), begin = c(1, 
    1, 5), end = c(30, 4, 30)), list(position = c(1, 2, 3), parent = c(NA, 
    1, 1), Terminal = c(0, 1, 1), Split = c(45L, NA, NA), Value = c(5L, 
    NA, NA), MU = c(NA, -0.0484438531765774, -0.000464468492925738
    ), begin = c(1, 1, 5), end = c(30, 4, 30)), list(position = c(1, 
    2, 3), parent = c(NA, 1, 1), Terminal = c(0, 1, 1), Split = c(45L, 
    NA, NA), Value = c(5L, NA, NA), MU = c(NA, -0.0490627888663628, 
    -0.000350661522354689), begin = c(1, 1, 5), end = c(30, 4, 
    30)), list(position = c(1, 2, 3), parent = c(NA, 1, 1), Terminal = c(0, 
    1, 1), Split = c(45L, NA, NA), Value = c(5L, NA, NA), MU = c(NA, 
    -0.049633025717837, -0.00026358651321666), begin = c(1, 1, 
    5), end = c(30, 4, 30)), list(position = c(1, 2, 3), parent = c(NA, 
    1, 1), Terminal = c(0, 1, 1), Split = c(45L, NA, NA), Value = c(5L, 
    NA, NA), MU = c(NA, -0.0501511735815509, -0.000197325846856736
    ), begin = c(1, 1, 5), end = c(30, 4, 30)), list(position = c(1, 
    2, 3), parent = c(NA, 1, 1), Terminal = c(0, 1, 1), Split = c(45L, 
    NA, NA), Value = c(5L, NA, NA), MU = c(NA, -0.0506143873031247, 
    -0.000147157232344208), begin = c(1, 1, 5), end = c(30, 4, 
    30)), list(position = c(1, 2, 3), parent = c(NA, 1, 1), Terminal = c(0, 
    1, 1), Split = c(45L, NA, NA), Value = c(5L, NA, NA), MU = c(NA, 
    -0.0510203482694271, -0.000109349602571931), begin = c(1, 
    1, 5), end = c(30, 4, 30)), list(position = c(1, 2, 3), parent = c(NA, 
    1, 1), Terminal = c(0, 1, 1), Split = c(45L, NA, NA), Value = c(5L, 
    NA, NA), MU = c(NA, -0.0513672425880097, -8.09809820778579e-05
    ), begin = c(1, 1, 5), end = c(30, 4, 30)), list(position = c(1, 
    2, 3), parent = c(NA, 1, 1), Terminal = c(0, 1, 1),