output_update_dirichlet_alpha <-
list(cov.sel_prob = structure(c(0.0189825557001701, 0.0087961645300014, 
0.0128605387246517, 0.0121853093653907, 0.0104145073442067, 0.00323341131104504, 
0.000995344775511073, 0.00165368039706317, 0.00326951489835888, 
0.0049308216896767, 0.000717401480745063, 0.0131419193040659, 
0.0106050301541997, 0.0143164505701626, 0.012686383637348, 0.00582901269369266, 
0.0126970547920296, 0.0164364825258006, 0.00137569880078961, 
0.0023043339935479, 0.00365257493846111, 0.0045229550082773, 
0.00153802922132525, 0.00885443526137657, 0.00255001698393117, 
0.01662447321059, 0.0124682921766377, 0.0041071386425525, 0.00243091495902529, 
0.0102153613833256, 0.00138407360952408, 0.0395994105633353, 
0.00863782292771983, 0.00169233454684712, 0.00100725608002768, 
0.0213197503876966, 0.030305081458919, 0.00288284701057461, 0.00423727170474559, 
0.00497191266583512, 0.00443347173821787, 0.00118386620705529, 
0.0261524727356936, 0.0338341468736696, 0.567375744719947, 0.00130439653914068, 
0.00441066813871445, 6.78138781867191e-05, 0.00638353679187233, 
0.004420312948318), dim = c(1L, 50L)))
