#  Model parameters
n_iterations <- 10000L # 10000L (Kim et al., 2020)
n_trees <- 200L # 200L (Kim et al., 2020)
warmup <- 1000L # 1000L (Kim et al., 2020)

# Data
data_filename <- "df"

# Model filename
model_filename <- "camilo_model"

# Range dates for data
date_begin <- "2019-04-01"
date_end <- "2019-12-31"
