#  Model parameters
n_iterations <- 10000L # 10000L (Kim et al., 2020)
n_trees <- 200L # 200L (Kim et al., 2020)
warmup <- 1000L # 1000L (Kim et al., 2020)

# Data
data_filename <- "input_data"

# Model filename
model_filename <- "2016_Gen_to_Aug_model_30wind_10m"

# Range dates for data
date_begin <- "2016-01-01"
date_end <- "2016-01-31"