list(residuals = c(-11.1771073373155, -6.71079735166319, 4.02198016625515, 
-3.02420067796803, 1.58236932637208, 6.61375394903245, -5.75263904221536, 
4.27714191854092, -6.14812524997324, -2.51054392342529, -3.63755717331058, 
0.347434125749629, 3.13863956412924, -6.19005243695629, 10.3454089349781, 
2.75603118015545, -5.96341815471378, -1.16635790383937, -7.94831535645602, 
-3.43141984622191, 5.11249738988811, -3.89478618738971, 4.02470722127697, 
5.63053549013431, 5.98345548123269, 2.35406309461859, 1.29596343985782, 
1.35218954938835, 2.62379611006061, 6.09535369977778))
