list(sigma2.samples = c(0.1, 27.1944049029961))
