list(trees = structure(c(-0.571153574962803, -0.571153574962803, 
-0.571153574962803, -0.571153574962803, -0.571153574962803, -0.571153574962803, 
-0.571153574962803, 3.56588256732837, -0.571153574962803, -0.571153574962803, 
-0.571153574962803, -0.571153574962803, -0.571153574962803, -0.571153574962803, 
-0.571153574962803, -0.571153574962803, -0.571153574962803, -0.571153574962803, 
-0.571153574962803, -0.571153574962803, -0.571153574962803, -0.571153574962803, 
-0.571153574962803, -0.571153574962803, 3.56588256732837, 3.56588256732837, 
-0.571153574962803, -0.571153574962803, 3.56588256732837, -0.571153574962803, 
-0.0034953025643335, -0.0034953025643335, -0.0034953025643335, 
-0.0034953025643335, -0.0034953025643335, -0.0034953025643335, 
-0.0034953025643335, 0.137225618057852, -0.0034953025643335, 
-0.0034953025643335, -0.0034953025643335, -0.0034953025643335, 
-0.0034953025643335, -0.0034953025643335, -0.0034953025643335, 
-0.0034953025643335, -0.0034953025643335, -0.0034953025643335, 
-0.0034953025643335, -0.0034953025643335, -0.0034953025643335, 
-0.0034953025643335, -0.0034953025643335, -0.0034953025643335, 
0.137225618057852, 0.137225618057852, -0.0034953025643335, -0.0034953025643335, 
0.137225618057852, -0.0034953025643335, -2.13902889726579e-05, 
-2.13902889726579e-05, -2.13902889726579e-05, -2.13902889726579e-05, 
-2.13902889726579e-05, -2.13902889726579e-05, -2.13902889726579e-05, 
0.00528084419377482, -2.13902889726579e-05, -2.13902889726579e-05, 
-2.13902889726579e-05, -2.13902889726579e-05, -2.13902889726579e-05, 
-2.13902889726579e-05, -2.13902889726579e-05, -2.13902889726579e-05, 
-2.13902889726579e-05, -2.13902889726579e-05, -2.13902889726579e-05, 
-2.13902889726579e-05, -2.13902889726579e-05, -2.13902889726579e-05, 
-2.13902889726579e-05, -2.13902889726579e-05, 0.00528084419377482, 
0.00528084419377482, -2.13902889726579e-05, -2.13902889726579e-05, 
0.00528084419377482, -2.13902889726579e-05, -1.30902677076411e-07, 
-1.30902677076411e-07, -1.30902677076411e-07, -1.30902677076411e-07, 
-1.30902677076411e-07, -1.30902677076411e-07, -1.30902677076411e-07, 
0.000203222370528278, -1.30902677076411e-07, -1.30902677076411e-07, 
-1.30902677076411e-07, -1.30902677076411e-07, -1.30902677076411e-07, 
-1.30902677076411e-07, -1.30902677076411e-07, -1.30902677076411e-07, 
-1.30902677076411e-07, -1.30902677076411e-07, -1.30902677076411e-07, 
-1.30902677076411e-07, -1.30902677076411e-07, -1.30902677076411e-07, 
-1.30902677076411e-07, -1.30902677076411e-07, 0.000203222370528278, 
0.000203222370528278, -1.30902677076411e-07, -1.30902677076411e-07, 
0.000203222370528278, -1.30902677076411e-07, -8.01088263432947e-10, 
-8.01088263432947e-10, -8.01088263432947e-10, -8.01088263432947e-10, 
-8.01088263432947e-10, -8.01088263432947e-10, -8.01088263432947e-10, 
7.82059276287217e-06, -8.01088263432947e-10, -8.01088263432947e-10, 
-8.01088263432947e-10, -8.01088263432947e-10, -8.01088263432947e-10, 
-8.01088263432947e-10, -8.01088263432947e-10, -8.01088263432947e-10, 
-8.01088263432947e-10, -8.01088263432947e-10, -8.01088263432947e-10, 
-8.01088263432947e-10, -8.01088263432947e-10, -8.01088263432947e-10, 
-8.01088263432947e-10, -8.01088263432947e-10, 7.82059276287217e-06, 
7.82059276287217e-06, -8.01088263432947e-10, -8.01088263432947e-10, 
7.82059276287217e-06, -8.01088263432947e-10, -4.90226088889489e-12, 
-4.90226088889489e-12, -4.90226088889489e-12, -4.90226088889489e-12, 
-4.90226088889489e-12, -4.90226088889489e-12, -4.90226088889489e-12, 
3.00959343377261e-07, -4.90226088889489e-12, -4.90226088889489e-12, 
-4.90226088889489e-12, -4.90226088889489e-12, -4.90226088889489e-12, 
-4.90226088889489e-12, -4.90226088889489e-12, -4.90226088889489e-12, 
-4.90226088889489e-12, -4.90226088889489e-12, -4.90226088889489e-12, 
-4.90226088889489e-12, -4.90226088889489e-12, -4.90226088889489e-12, 
-4.90226088889489e-12, -4.90226088889489e-12, 3.00959343377261e-07, 
3.00959343377261e-07, -4.90226088889489e-12, -4.90226088889489e-12, 
3.00959343377261e-07, -4.90226088889489e-12, -3.01304120542412e-14, 
-3.01304120542412e-14, -3.01304120542412e-14, -3.01304120542412e-14, 
-3.01304120542412e-14, -3.01304120542412e-14, -3.01304120542412e-14, 
1.15817977985877e-08, -3.01304120542412e-14, -3.01304120542412e-14, 
-3.01304120542412e-14, -3.01304120542412e-14, -3.01304120542412e-14, 
-3.01304120542412e-14, -3.01304120542412e-14, -3.01304120542412e-14, 
-3.01304120542412e-14, -3.01304120542412e-14, -3.01304120542412e-14, 
-3.01304120542412e-14, -3.01304120542412e-14, -3.01304120542412e-14, 
-3.01304120542412e-14, -3.01304120542412e-14, 1.15817977985877e-08, 
1.15817977985877e-08, -3.01304120542412e-14, -3.01304120542412e-14, 
1.15817977985877e-08, -3.01304120542412e-14, -2.0122792321331e-16, 
-2.0122792321331e-16, -2.0122792321331e-16, -2.0122792321331e-16, 
-2.0122792321331e-16, -2.0122792321331e-16, -2.0122792321331e-16, 
4.45701600626514e-10, -2.0122792321331e-16, -2.0122792321331e-16, 
-2.0122792321331e-16, -2.0122792321331e-16, -2.0122792321331e-16, 
-2.0122792321331e-16, -2.0122792321331e-16, -2.0122792321331e-16, 
-2.0122792321331e-16, -2.0122792321331e-16, -2.0122792321331e-16, 
-2.0122792321331e-16, -2.0122792321331e-16, -2.0122792321331e-16, 
-2.0122792321331e-16, -2.0122792321331e-16, 4.45701600626514e-10, 
4.45701600626514e-10, -2.0122792321331e-16, -2.0122792321331e-16, 
4.45701600626514e-10, -2.0122792321331e-16, -7.45931094670027e-17, 
-7.45931094670027e-17, -7.45931094670027e-17, -7.45931094670027e-17, 
-7.45931094670027e-17, -7.45931094670027e-17, -7.45931094670027e-17, 
1.71522379632805e-11, -7.45931094670027e-17, -7.45931094670027e-17, 
-7.45931094670027e-17, -7.45931094670027e-17, -7.45931094670027e-17, 
-7.45931094670027e-17, -7.45931094670027e-17, -7.45931094670027e-17, 
-7.45931094670027e-17, -7.45931094670027e-17, -7.45931094670027e-17, 
-7.45931094670027e-17, -7.45931094670027e-17, -7.45931094670027e-17, 
-7.45931094670027e-17, -7.45931094670027e-17, 1.71522379632805e-11, 
1.71522379632805e-11, -7.45931094670027e-17, -7.45931094670027e-17, 
1.71522379632805e-11, -7.45931094670027e-17, 5.3776427755281e-17, 
5.3776427755281e-17, 5.3776427755281e-17, 5.3776427755281e-17, 
5.3776427755281e-17, 5.3776427755281e-17, 5.3776427755281e-17, 
6.59819421322538e-13, 5.3776427755281e-17, 5.3776427755281e-17, 
5.3776427755281e-17, 5.3776427755281e-17, 5.3776427755281e-17, 
5.3776427755281e-17, 5.3776427755281e-17, 5.3776427755281e-17, 
5.3776427755281e-17, 5.3776427755281e-17, 5.3776427755281e-17, 
5.3776427755281e-17, 5.3776427755281e-17, 5.3776427755281e-17, 
5.3776427755281e-17, 5.3776427755281e-17, 6.59819421322538e-13, 
6.59819421322538e-13, 5.3776427755281e-17, 5.3776427755281e-17, 
6.59819421322538e-13, 5.3776427755281e-17, -7.45931094670027e-17, 
-7.45931094670027e-17, -7.45931094670027e-17, -7.45931094670027e-17, 
-7.45931094670027e-17, -7.45931094670027e-17, -7.45931094670027e-17, 
2.52992071736458e-14, -7.45931094670027e-17, -7.45931094670027e-17, 
-7.45931094670027e-17, -7.45931094670027e-17, -7.45931094670027e-17, 
-7.45931094670027e-17, -7.45931094670027e-17, -7.45931094670027e-17, 
-7.45931094670027e-17, -7.45931094670027e-17, -7.45931094670027e-17, 
-7.45931094670027e-17, -7.45931094670027e-17, -7.45931094670027e-17, 
-7.45931094670027e-17, -7.45931094670027e-17, 2.52992071736458e-14, 
2.52992071736458e-14, -7.45931094670027e-17, -7.45931094670027e-17, 
2.52992071736458e-14, -7.45931094670027e-17, 5.3776427755281e-17, 
5.3776427755281e-17, 5.3776427755281e-17, 5.3776427755281e-17, 
5.3776427755281e-17, 5.3776427755281e-17, 5.3776427755281e-17, 
9.57567358739198e-16, 5.3776427755281e-17, 5.3776427755281e-17, 
5.3776427755281e-17, 5.3776427755281e-17, 5.3776427755281e-17, 
5.3776427755281e-17, 5.3776427755281e-17, 5.3776427755281e-17, 
5.3776427755281e-17, 5.3776427755281e-17, 5.3776427755281e-17, 
5.3776427755281e-17, 5.3776427755281e-17, 5.3776427755281e-17, 
5.3776427755281e-17, 5.3776427755281e-17, 9.57567358739198e-16, 
