list(p = 50L, n = 30L, n.locations.all = 225L, prob.grow = 0.28, 
    prob.prune = 0.28, prob.change = 0.44, alpha = 0.95, beta = 2, 
    dirichlet.alpha = 1, posterior.dirichlet.alpha = c(1, 1, 
    1, 1, 1, 1, 1, 1, 1, 1, 1, 1, 1, 1, 1, 1, 1, 1, 1, 1, 1, 
    1, 1, 1, 1, 1, 1, 1, 1, 1, 1, 1, 1, 1, 1, 1, 1, 1, 1, 1, 
    1, 1, 1, 1, 1, 1, 1, 1, 1, 1), cov.sel_prob = structure(c(0.00360548701296979, 
    0.043747035985578, 0.0419368923528486, 0.0194327787490337, 
    0.0284119291740324, 0.0269201900531217, 0.0230080754299083, 
    0.00714335963110404, 0.00219894872765758, 0.00365336564227927, 
    0.00722312087498748, 0.0108933350006822, 0.00158490717198371, 
    0.0290335644930833, 0.0234289847478968, 0.0316283779654816, 
    0.0280271799724857, 0.0128776483904423, 0.0280507550417351, 
    0.0363120229557815, 0.00303923946964315, 0.00509081117204686, 
    0.00806938983477255, 0.00999226238525948, 0.0033978652247376, 
    0.0195615123836191, 0.00563358219210172, 0.0367273382186932, 
    0.0275453650759382, 0.00907362706326238, 0.00537045804399559, 
    0.0225681155606531, 0.00305774137517794, 0.0874843326821356, 
    0.0190829652236715, 0.00373876167346098, 0.00222526357710066, 
    0.0471003004611452, 0.0669509922141624, 0.00636888133830764, 
    0.00936112134521986, 0.0109841145496032, 0.00979457297382635, 
    0.00261543653392298, 0.0577769111388813, 0.0747475207081223, 
    0.0207478308857475, 0.00288171614567584, 0.00974419450462877, 
    0.000149816671393733), dim = c(1L, 50L)), tau2.a = 1, tau2.b = 0.01, 
    tau2.posterior.shape = 113.5, tau2 = 0.1, proposal.sd.rho = 0.2, 
    rho = 0.5, a0 = 0.5, b0 = 1, Y = c(NA, NA, -11.1771073373155, 
    NA, NA, -6.71079735166319, NA, NA, NA, NA, NA, NA, NA, NA, 
    NA, 4.02198016625515, NA, NA, -3.02420067796803, NA, NA, 
    1.58236932637208, NA, NA, NA, NA, NA, NA, NA, NA, NA, NA, 
    6.61375394903245, NA, -5.75263904221536, NA, NA, NA, NA, 
    NA, NA, NA, NA, NA, NA, 4.27714191854092, NA, NA, NA, NA, 
    NA, NA, NA, NA, NA, NA, -6.14812524997324, NA, NA, -2.51054392342529, 
    NA, NA, NA, NA, NA, NA, -3.63755717331058, NA, NA, NA, NA, 
    NA, NA, NA, NA, NA, NA, NA, NA, NA, 0.347434125749629, NA, 
    NA, NA, NA, NA, 3.13863956412924, NA, NA, NA, NA, NA, NA, 
    NA, NA, NA, NA, -6.19005243695629, NA, NA, NA, NA, NA, NA, 
    NA, 10.3454089349781, NA, NA, NA, NA, 2.75603118015545, NA, 
    NA, NA, -5.96341815471378, NA, NA, NA, NA, NA, -1.16635790383937, 
    NA, NA, NA, NA, NA, NA, NA, NA, NA, NA, NA, NA, NA, NA, -7.94831535645602, 
    NA, -3.43141984622191, NA, NA, NA, 5.11249738988811, NA, 
    NA, NA, NA, NA, NA, NA, NA, NA, -3.89478618738971, NA, NA, 
    NA, NA, 4.02470722127697, NA, NA, NA, NA, NA, NA, NA, NA, 
    NA, NA, 5.63053549013431, NA, NA, 5.98345548123269, NA, NA, 
    NA, NA, NA, NA, NA, NA, NA, NA, NA, NA, NA, NA, NA, NA, NA, 
    2.35406309461859, NA, 1.29596343985782, NA, NA, 1.35218954938835, 
    2.62379611006061, NA, NA, NA, NA, NA, 6.09535369977778, NA, 
    NA, NA, NA, NA, NA, NA, NA, NA, NA, NA, NA, NA, NA, NA, NA, 
    NA, NA, NA, NA, NA, NA, NA, NA), residuals = c(NA, NA, -11.1771073373155, 
    NA, NA, -6.71079735166319, NA, NA, NA, NA, NA, NA, NA, NA, 
    NA, 4.02198016625515, NA, NA, -3.02420067796803, NA, NA, 
    1.58236932637208, NA, NA, NA, NA, NA, NA, NA, NA, NA, NA, 
    6.61375394903245, NA, -5.75263904221536, NA, NA, NA, NA, 
    NA, NA, NA, NA, NA, NA, 4.27714191854092, NA, NA, NA, NA, 
    NA, NA, NA, NA, NA, NA, -6.14812524997324, NA, NA, -2.51054392342529, 
    NA, NA, NA, NA, NA, NA, -3.63755717331058, NA, NA, NA, NA, 
    NA, NA, NA, NA, NA, NA, NA, NA, NA, 0.347434125749629, NA, 
    NA, NA, NA, NA, 3.13863956412924, NA, NA, NA, NA, NA, NA, 
    NA, NA, NA, NA, -6.19005243695629, NA, NA, NA, NA, NA, NA, 
    NA, 10.3454089349781, NA, NA, NA, NA, 2.75603118015545, NA, 
    NA, NA, -5.96341815471378, NA, NA, NA, NA, NA, -1.16635790383937, 
    NA, NA, NA, NA, NA, NA, NA, NA, NA, NA, NA, NA, NA, NA, -7.94831535645602, 
    NA, -3.43141984622191, NA, NA, NA, 5.11249738988811, NA, 
    NA, NA, NA, NA, NA, NA, NA, NA, -3.89478618738971, NA, NA, 
    NA, NA, 4.02470722127697, NA, NA, NA, NA, NA, NA, NA, NA, 
    NA, NA, 5.63053549013431, NA, NA, 5.98345548123269, NA, NA, 
    NA, NA, NA, NA, NA, NA, NA, NA, NA, NA, NA, NA, NA, NA, NA, 
    2.35406309461859, NA, 1.29596343985782, NA, NA, 1.35218954938835, 
    2.62379611006061, NA, NA, NA, NA, NA, 6.09535369977778, NA, 
    NA, NA, NA, NA, NA, NA, NA, NA, NA, NA, NA, NA, NA, NA, NA, 
    NA, NA, NA, NA, NA, NA, NA, NA), sigma2 = 27.6942452356739, 
    nu = 3, lambda = 1.02509632175604, sigma2.a = 1.5, sigma2.b = 1.53764448263406, 
    sigma_mu = 0.624638642149358, missing_indexes = c(1L, 2L, 
    4L, 5L, 7L, 8L, 9L, 10L, 11L, 12L, 13L, 14L, 15L, 17L, 18L, 
    20L, 21L, 23L, 24L, 25L, 26L, 27L, 28L, 29L, 30L, 31L, 32L, 
    34L, 36L, 37L, 38L, 39L, 40L, 41L, 42L, 43L, 44L, 45L, 47L, 
    48L, 49L, 50L, 51L, 52L, 53L, 54L, 55L, 56L, 58L, 59L, 61L, 
    62L, 63L, 64L, 65L, 66L, 68L, 69L, 70L, 71L, 72L, 73L, 74L, 
    75L, 76L, 77L, 78L, 79L, 80L, 82L, 83L, 84L, 85L, 86L, 88L, 
    89L, 90L, 91L, 92L, 93L, 94L, 95L, 96L, 97L, 99L, 100L, 101L, 
    102L, 103L, 104L, 105L, 107L, 108L, 109L, 110L, 112L, 113L, 
    114L, 116L, 117L, 118L, 119L, 120L, 122L, 123L, 124L, 125L, 
    126L, 127L, 128L, 129L, 130L, 131L, 132L, 133L, 134L, 135L, 
    137L, 139L, 140L, 141L, 143L, 144L, 145L, 146L, 147L, 148L, 
    149L, 150L, 151L, 153L, 154L, 155L, 156L, 158L, 159L, 160L, 
    161L, 162L, 163L, 164L, 165L, 166L, 167L, 169L, 170L, 172L, 
    173L, 174L, 175L, 176L, 177L, 178L, 179L, 180L, 181L, 182L, 
    183L, 184L, 185L, 186L, 187L, 188L, 190L, 192L, 193L, 196L, 
    197L, 198L, 199L, 200L, 202L, 203L, 204L, 205L, 206L, 207L, 
    208L, 209L, 210L, 211L, 212L, 213L, 214L, 215L, 216L, 217L, 
    218L, 219L, 220L, 221L, 222L, 223L, 224L, 225L))
