list(residuals = c(-10.6024369377907, -6.13612695213839, 4.59665056577996, 
-2.44953027844322, 2.15703972589689, 7.18842434855725, -5.17796864269055, 
0.568541532992949, -5.57345485044843, -1.93587352390048, -3.06288677378578, 
0.922104525274435, 3.71330996365405, -5.61538203743148, 10.9200793345029, 
3.33070157968026, -5.38874775518897, -0.591687504314564, -7.37364495693121, 
-2.85674944669711, 5.68716778941292, -3.3201157878649, 4.59937762080178, 
6.20520588965912, 2.27485509568472, -1.35453729092938, 1.87063383938262, 
1.92685994891316, -1.08480427548736, 6.67002409930259))
